050827
050810
050839
050845
050803
050822
050808
052865
059861
050811
050854
050809
050802
050824
050846
050842
054860
059856
050853
052864
050828
050852
050840
050833
043867
052866
050818
050823
050806
050848
052859
050804
052863
055855
050817
050829
050816
050826
050821
050832
050850
050813
050820
050834
050814
050801
050835
050830
059858
050836
050831
050812
050849
050819
050815
054862
050841
050837
050838
050805
040810
040827
040811
040852
040825
042869
040804
040857
020831
040838
040819
040854
040832
040807
040863
040833
040814
042870
042868
040836
040830
040818
040862
040820
044865
040817
040816
040849
040851
040835
040829
040861
036864
040842
040826
040850
040845
040831
040871
040864
040803
040847
040821
040855
040837
040853
040823
040848
040815
040858
040809
040813
030858
040805
040843
042866
040812
040840
040856
040860
040801
040841
040844
040839
030804
030801
030802
030803
030859
030807
030808
030809
030810
030811
030854
020851
030813
030814
030815
030816
030817
030820
030821
030855
030853
030822
030824
030825
030826
033860
030827
032861
030828
030829
030830
030831
030832
030833
030834
030836
030837
030838
030839
037862
030852
030856
020859
030857
030840
030841
030844
030845
030846
030847
030848
030849
030850
039863
030851
