050918
050952
050922
050915
050919
050932
057959
050936
050965
050926
057960
050910
050907
050911
050954
050943
050939
050917
050912
050903
050927
057957
050901
050930
051961
050905
057963
050935
050951
050908
050916
050914
050955
051956
050944
050938
050934
050904
050949
050923
057967
050948
050909
050941
050945
057962
050931
050964
057958
050946
051966
050906
050933
050937
050928
050950
050929
050920
040946
040902
040924
047974
040901
040959
040962
030911
040943
040935
040931
040910
040948
040925
040944
040956
047965
040916
040950
040939
047969
040966
040957
040937
040914
040940
047972
040947
040953
040913
040926
047973
040975
040941
040929
040918
040908
040961
040934
040932
040952
047970
047968
040964
040923
047971
040911
040927
040903
047967
040954
040960
040936
040917
040905
040963
040938
040912
040904
040942
040920
030901
020943
030902
030903
035960
020960
035961
030955
030905
030906
030907
030908
030909
030910
035963
030912
035962
030913
030914
030915
030917
030957
020903
030920
030921
030922
030923
030924
030925
030927
030928
030930
030931
030932
030933
030934
030954
020941
030959
030935
030936
030958
030937
030939
030956
030941
020940
030942
030943
030944
030945
030946
030948
030950
030951
030953
